response time is 22, Membership leader : orderer4, favorite : orderer1 orderer3  follower : orderer2 orderer5 19
18
16
17
35
28
19
18
33
33
30
22
21
19
18
28
13
20
32
28
34
22
28
53
16
28
28
42
22
26
30
29
47
20
15
19
32
22
18
24
26
23
30
32
20
57
34
35
59
19
36
23
13
23
17
23
22
17
22
23
31
18
25
28
21
14
23
27
177
35
18
22
25
19
19
17
24
19
51
16
22
16
22
27
20
32
29
28
17
16
19
23
13
23
21
15
18
32
15
19
25
18
16
25
42
26
17
39
38
17
23
21
17
12
20
24
24
25
41
25
17
15
12
19
16
10
8
26
25
15
12
20
14
7
20
51
12
18
24
22
24
25
35
22
18
14
15
24
13
25
19
19
20
18
21
23
20
18
16
19
19
20
13
55
69
13
14
39
27
23
21
32
30
20
21
47
23
24
25
18
19
16
31
22
14
14
29
27
9
35
12
15
16
20
17
22
20
895
21
14
24
17
23
16
12
11
18
31
15
17
14
35
22
23
23
26
21
24
17
23
19
26
30
27
14
20
24
13
22
16
18
18
16
23
18
17
18
16
20
15
10
11
19
13
24
19
15
12
19
15
15
16
18
14
19
26
870
22
25
36
16
28
22
29
18
22
20
20
14
18
30
16
26
17
20
15
18
15
20
19
19
20
20
23
18
25
23
16
15
24
21
24
20
31
15
12
23
27
14
22
23
23
21
31
14
7
10
21
15
12
19
15
16
21
15
16
15
18
21
20
18
21
18
19
17
13
28
18
21
32
27
20
17
11
19
19
20
28
15
17
21
18
17
22
21
21
23
29
26
20
21
21
17
37
25
19
20
15
23
20
26
15
19
18
27
18
20
29
24
20
25
15
18
21
24
17
24
14
22
17
17
19
24
23
25
39
30
13
26
15
24
15
18
26
19
12
25
30
22
20
26
14
14
16
36
24
20
21
28
20
14
12
36
24
23
19
30
26
15
12
28
19
10
34
23
14
28
30
20
30
22
17
17
19
28
26
11
17
12
14
22
24
28
24
11
16
21
21
25
20
33
15
15
23
29
28
17
21
19
22
29
7
22
18
20
28
17
20
27
24
32
14
12
10
20
15
20
28
18
23
23
29
17
12
22
21
26
21
20
22
33
44
25
16
14
19
23
12
17
23
14
24
19
21
28
27
26
30
25
20
28
12
13
9
25
27
19
19
14
18
21
23
28
14
11
23
13
26
19
24
22
21
32
25
23
20
41
22
17
20
28
6
6
32
30
13
28
23
13
14
15
32
17
18
13
30
23
15
36
16
15
21
29
24
17
21
10
24
21
27
12
32
23
18
23
13
30
31
23
13
22
19
22
16
21
19
21
8
23
27
26
17
24
15
19
16
27
26
21
22
19
16
22
30
13
21
11
32
21
19
28
43
46
19
22
16
17
19
12
19
20
19
22
14
16
19
23
31
15
11
39
24
24
19
27
19
18
17
25
27
10
28
20
19
17
26
14
18
28
20
23
13
18
13
29
30
17
22
12
7
28
34
18
8
22
19
24
16
25
22
23
18
12
19
17
23
22
29
36
20
17
22
27
14
24
28
30
26
8
21
20
20
27
25
31
30
21
23
23
13
22
19
12
12
21
26
33
20
11
10
27
27
28
27
9
19
31
23
20
23
33
18
26
24
15
22
24
27
15
9
18
22
12
18
23
25
14
24
28
11
25
12
32
15
23
40
22
28
30
25
25
27
24
21
22
25
24
23
29
12
19
25
15
13
26
17
34
29
20
20
25
22
17
31
19
17
15
18
13
11
17
27
20
26
22
29
21
9
36
24
20
19
28
23
37
22
21
20
19
24
26
6
31
15
25
12
28
6
20
24
11
26
21
19
13
19
19
17
16
19
18
20
23
29
23
23
16
8
13
29
19
21
29
30
23
23
27
20
24
8
14
23
24
19
10
13
13
20
10
19
1477
7
19
27
13
33
18
13
29
23
27
17
20
22
23
15
22
25
18
20
16
11
19
19
18
25
14
39
24
16
13
27
29
24
28
42
31
26
12
22
19
18
27
17
29
26
16
15
26
34
32
21
24
23
17
12
15
16
36
21
20
16
15
23
20
22
27
20
30
27
22
21
21
27
19
26
23
33
50
19
8
28
25
20
10
21
23
18
18
20
16
35
25
29
18
18
18
23
33
32
35
32
23
20
18
20
23
25
20
21
25
15
9
18
14
14
41
15
36
31
26
20
24
28
33
22
31
26
18
13
18
39
20
25
19
38
23
26
23
23
19
32
19
32
18
12
14
26
18
21
22
33
22
27
19
34
20
25
11
12
19
30
30
16
32
22
33
16
19
19
22
14
25
26
30
33
27
38
12
28
14
32
38
11
18
22
28
29
22
20
29
20
24
16
33
23
16
23
20
18
13
17
30
21
21
19
27
26
37
20
13
35
26
23
18
11
17
19
17
26
27
24
23
38
63
20
27
26
14
21
21
23
20
15
14
16
32
26
15
24
24
27
35
21
20
35
24
16
13
19
19
21
23
16
47
28
27
28
13
22
23
19
30
22
21
30
19
13
25
9
24
19
21
28
18
33
8
18
30
16
27
20
18
25
17
17
14
7
23
18
22
23
13
25
41
20
22
25
36
24
23
26
19
24
13
22
31
23
19
29
20
25
14
17
27
30
14
26
10
21
23
38
25
14
17
29
55
13
14
23
24
26
11
19
18
27
20
17
22
50
13
40
32
18
24
27
36
30
33
16
22
23
39
22
25
21
33
17
17
19
27
27
19
26
40
36
20
20
52
18
22
22
18
19
18
28
18
16
23
22
23
19
41
14
23
18
14
13
12
18
40
41
13
15
18
25
15
20
28
19
17
21
10
14
24
14
29
22
24
31
41
29
20
24
16
29
25
20
17
22
14
24
18
12
16
31
17
13
23
16
14
19
18
20
12
16
18
19
25
15
1992
19
18
15
29
33
19
20
20
19
18
18
26
23
24
28
28
23
20
17
19
21
16
18
31
20
19
28
17
14
13
20
18
23
21
19
12
25
23
22
21
27
21
16
19
44
28
42
23
20
32
25
34
19
21
17
22
37
12
32
18
20
14
25
25
7
11
27
39
19
16
19
21
20
27
19
21
16
15
15
17
16
11
21
18
13
4
28
17
18
28
24
10
20
17
21
12
19
30
22
21
19
25
18
12
35
27
21
27
23
17
20
17
27
20
23
20
15
27
22
23
18
21
31
34
25
18
18
24
26
23
21
21
17
12
18
27
22
7
33
25
19
20
20
13
45
11
23
25
19
23
35
36
16
21
16
30
17
26
31
22
31
25
22
28
22
18
22
18
31
19
18
26
22
19
17
26
32
22
28
22
19
27
17
17
10
14
20
20
11
13
22
18
25
30
21
30
22
25
25
21
20
18
8
22
13
22
16
13
7
33
29
35
20
11
30
29
28
22
37
25
19
37
19
24
24
26
29
21
28
20
28
28
26
38
32
21
22
32
28
21
25
27
17
20
24
16
24
21
29
22
32
16
19
12
22
22
23
19
11
5
10
14
29
23
25
11
26
22
25
21
22
23
47
33
20
26
21
19
9
26
23
14
21
29
16
12
25
24
22
45
25
19
37
22
32
26
24
14
18
16
12
14
27
18
32
15
25
16
24
14
22
19
21
23
33
33
22
22
25
16
15
41
27
15
38
27
33
31
28
20
14
22
42
10
25
17
27
27
21
14
37
28
19
11
27
15
19
22
38
24
18
27
42
16
36
21
22
21
20
20
20
16
24
17
11
26
17
23
20
17
20
20
19
31
16
21
15
24
16
14
19
22
18
21
17
18
14
14
19
20
27
14
20
16
15
15
29
31
16
21
18
17
19
16
23
41
14
13
20
14
25
14
11
22
17
16
14
14
20
14
19
26
16
22
24
19
15
17
17
31
2135
20
27
13
40
22
17
46
21
22
17
16
15
22
14
21
16
18
25
15
16
22
26
16
10
24
20
21
13
17
30
24
14
5
19
24
25
26
25
30
17
23
21
18
12
15
20
18
19
18
17
18
20
26
24
13
25
18
13
45
26
14
21
19
26
22
24
34
26
14
14
15
26
20
16
31
26
36
14
24
14
28
13
31
20
17
11
18
18
16
32
16
19
25
22
29
17
16
18
19
18
25
22
23
16
17
23
19
16
18
14
21
18
31
18
19
15
16
14
23
22
16
18
26
17
27
12
20
16
17
21
15
18
17
20
18
13
20
25
17
19
20
21
30
14
22
13
14
16
18
24
26
13
23
19
12
26
24
21
28
9
12
28
14
15
17
18
23
17
23
19
16
22
28
14
29
21
21
17
15
20
19
20
24
18
13
19
14
17
15
16
19
15
17
23
8
21
25
30
21
8
27
20
18
28
28
26
15
22
17
9
14
22
21
11
18
22
28
10
13
29
26
20
12
14
17
16
25
24
20
17
15
28
23
15
22
23
20
14
18
20
23
16
24
21
16
19
21
22
25
26
15
13
13
14
25
17
17
19
22
22
26
6
15
25
11
20
17
19
13
16
24
8
13
16
19
20
16
17
24
17
16
21
13
22
22
17
23
14
18
20
21
20
23
27
31
23
24
21
21
31
28
20
17
22
26
13
25
16
3674
17
13
21
14
40
36
24
23
24
8
28
24
17
26
23
25
25
27
28
22
17
25
34
20
15
8
31
30
37
21
25
29
21
11
12
19
23
24
29
24
15
13
43
23
21
22
30
20
42
9
14
21
18
18
33
17
13
34
25
13
24
31
17
23
15
17
30
28
17
29
21
28
18
21
24
20
19
22
25
20
24
16
16
12
22
21
16
21
34
13
17
13
18
16
27
20
20
34
12
16
15
17
26
23
21
14
17
26
22
16
11
27
9
16
32
21
19
19
34
16
11
20
20
16
8
11
13
11
17
15
18
19
16
18
17
17
15
21
18
17
21
19
20
10
26
34
23
20
15
12
36
15
26
39
11
13
13
9
28
24
12
16
21
16
26
14
21
13
16
19
12
19
13
19
17
23
16
19
30
14
25
26
34
18
22
18
23
11
33
19
22
8
20
14
19
14
15
18
9
17
19
19
22
14
14
11
15
31
11
18
15
16
18
14
14
17
9
18
20
26
15
11
22
9
18
26
11
18
23
24
22
15
29
10
17
10
20
18
14
18
31
24
20
19
25
7
17
18
33
7
20
23
21
23
19
20
23
18
20
24
21
19
20
19
16
26
16
11
6
22
26
12
21
19
27
19
14
29
14
20
29
19
19
31
26
19
11
17
18
24
12
18
20
12
20
22
16
11
21
25
16
22
19
21
20
18
20
32
13
15
25
3821
15
25
17
22
17
35
14
12
10
26
22
25
31
20
24
21
14
21
15
25
18
24
23
23
8
25
20
26
35
22
38
46
43
37
14
31
26
22
32
25
26
16
26
17
29
28
20
15
23
18
19
28
26
26
33
46
14
15
22
24
11
13
16
18
37
25
30
21
28
22
22
31
27
20
24
14
22
17
18
16
23
29
28
35
19
21
17
22
15
12
14
10
21
24
25
17
19
36
27
20
16
23
13
23
26
29
18
19
28
14
12
30
14
20
27
16
21
21
20
22
18
20
21
24
17
15
31
20
19
17
15
31
21
21
29
23
17
23
23
24
16
12
19
24
13
20
20
18
19
23
27
18
19
9
13
14
16
14
17
14
10
17
23
35
23
16
25
15
15
10
17
27
24
23
27
45
27
28
45
33
22
14
22
18
16
29
27
20
25
25
22
27
27
14
12
20
17
30
27
35
35
18
36
11
15
29
27
23
19
23
26
14
33
24
20
31
10
37
39
26
20
26
21
21
33
30
22
27
20
22
19
34
19
36
50
29
26
11
36
37
25
27
21
22
23
23
33
28
28
12
26
22
37
19
17
19
52
53
19
25
28
26
21
35
29
21
22
16
25
33
27
18
24
14
43
31
40
28
41
23
27
25
33
14
21
29
27
34
18
11
33
32
8
32
20
29
20
10
17
8
32
13
37
35
32
27
21
27
32
19
18
19
29
14
25
19
28
12
20
18
20
12
14
12
18
7
13
16
24
11
39
30
21
19
22
21
12
22
32
17
22
22
20
38
18
16
19
25
22
24
26
8
20
29
19
21
21
43
35
28
21
20
32
22
15
20
40
27
22
30
15
18
22
31
6
15
26
10
23
21
21
19
24
20
16
23
26
13
20
17
27
24
25
26
15
22
13
8
21
27
29
24
24
17
19
21
19
25
13
16
25
13
18
13
26
16
22
27
37
26
17
34
10
27
11
26
27
32
25
22
36
19
21
35
19
27
20
22
11
30
18
23
28
23
33
34
15
13
12
21
25
21
16
12
25
23
18
24
22
21
25
32
24
16
26
13
34
40
18
16
18
27
30
11
33
41
20
38
28
24
20
26
27
29
24
14
12
25
25
21
12
12
14
20
32
23
22
12
25
30
11
22
26
18
20
15
35
19
12
24
9
12
25
32
15
13
19
28
22
34
21
23
6
24
29
22
22
25
34
24
23
27
25
24
21
19
22
11
19
19
20
14
27
22
10
32
18
26
28
15
30
37
26
25
18
20
23
19
20
33
21
33
13
29
23
22
21
18
21
19
27
44
23
35
25
20
18
23
23
20
14
24
7
19
18
27
19
18
27
21
23
18
16
40
25
26
33
15
24
12
21
33
16
21
37
25
16
21
37
23
10
25
31
21
24
21
22
22
16
24
32
23
11297
20
