37
46
40
45
45
39
61
55
35
38
25
21
18
19
17
25
19
28
19
15
19
30
19
22
53
33
13
44
17
24
12
24
21
25
22
19
17
17
20
27
18
22
36
18
20
17
19
22
14
14
18
24
14
20
16
11
19
13
21
17
17
23
21
20
19
25
14
21
7
23
25
21
21
22
18
14
21
22
22
24
21
38
18
30
10
7
18
22
4
29
21
21
23
32
15
15
15
34
25
20
21
23
16
18
7
18
23
18
16
22
26
18
19
23
17
27
22
19
21
20
19
27
22
17
30
31
45
25
24
36
21
20
31
20
37
26
17
25
23
24
20
21
29
22
13
27
22
17
29
24
20
10
25
29
15
16
34
36
8
25
11
14
20
21
14
18
15
22
31
14
22
20
15
16
15
9
18
19
15
27
23
20
20
17
23
21
11
16
24
18
9
10
14
23
23
22
24
12
24
21
13
19
17
16
12
24
24
25
11
18
7
35
15
15
29
28
26
12
12
28
18
20
21
16
17
20
21
18
18
12
10
16
13
18
19
20
16
27
16
16
16
13
18
15
14
18
18
16
13
15
29
3025
23
28
24
38
29
14
28
27
20
19
21
27
22
16
23
18
19
20
16
21
31
17
17
23
20
14
19
17
18
33
32
20
23
19
16
31
21
13
20
30
23
23
28
28
16
24
24
20
14
18
25
29
16
24
20
23
25
25
17
13
41
35
41
23
13
25
22
17
28
25
13
16
17
22
13
20
12
21
18
19
22
48
20
18
26
36
23
22
21
28
35
25
35
16
18
24
26
19
16
13
26
13
20
25
14
14
43
29
15
23
32
15
19
18
23
17
18
8
22
17
23
22
19
16
14
24
20
29
22
27
20
21
14
15
23
24
12
19
14
15
13
22
19
24
15
21
30
32
35
22
23
15
13
16
12
19
12
24
20
17
22
12
33
11
28
22
18
17
20
18
21
28
13
24
23
17
23
14
17
23
22
17
19
16
12
13
21
17
20
16
21
14
16
17
28
19
26
37
18
14
15
24
18
18
15
17
16
34
16
37
24
25
25
39
34
17
19
23
22
16
27
26
21
18
22
21
11
24
22
17
30
30
33
15
24
20
32
22
34
42
22
19
36
16
26
9
23
18
16
32
20
21
18
19
21
23
22
21
68
26
49
19
69
17
16
23
20
18
19
25
29
18
16
20
16
33
17
16
23
18
16
13
18
15
19
30
13
23
13
23
13
26
10
9
16
31
14
20
23
